3 
3 
3 
3 
3 
3 
3 
3 
3 
3 
3 
3 
3 
3 
3 
3 
3 
3 
3 
3 
3 
3 
3 
3 
3 
3 
3 
3 
3 
3 
3 
3 
3 
3 
3 
3 
3 
3 
3 
3 
3 
3 
3 
3 
3 
3 
3 
3 
3 
3 
3 
3 
3 
3 
3 
3 
3 
3 
3 
3 
32 
32 
32 
32 
32 
32 
32 
32 
32 
32 
32 
32 
32 
32 
32 
32 
32 
32 
32 33 
32 33 
32 33 
32 33 
32 33 
32 33 
32 33 
32 33 
32 33 
32 
32 
32 
32 
32 
32 
32 
32 
32 
32 33 
32 33 
32 33 
32 33 
32 33 
32 33 
32 33 
32 33 
32 33 
32 33 
32 33 
32 33 
32 33 
32 33 
33 
33 
33 
33 
33 
33 
33 
33 
33 
34 
34 
34 
34 
34 
34 
34 
34 
34 
33 34 
33 34 
33 34 
33 34 
33 34 
33 34 
33 34 
33 34 
33 34 
32 33 
32 33 
32 33 
32 33 
32 33 
32 33 
32 33 
32 33 
32 33 
33 
33 
33 
33 
33 
33 
33 
33 
33 
33 
33 
33 
33 
33 
33 
33 
33 
33 
33 34 
33 34 
33 34 
33 34 
33 34 
33 34 
33 34 
33 34 
33 34 
33 34 
33 34 
33 34 
33 34 
33 34 
33 34 
33 34 
33 34 
33 34 
33 34 
33 34 
33 34 
33 34 
33 34 
33 34 
33 34 
33 34 
33 34 
33 34 
33 34 
33 34 
33 34 
33 34 
33 34 
33 34 
33 34 
33 34 
33 34 
33 34 
33 34 
33 34 
33 34 
34 
34 
34 
34 
34 
34 
34 
34 
34 
33 34 
33 34 
33 34 
33 34 
33 34 
33 34 
33 34 
33 34 
34 
34 
34 
34 
34 
34 
34 
34 
34 
33 34 
33 34 
33 34 
32 33 
32 33 
32 33 
32 33 
32 33 
32 33 
32 33 
32 33 
32 33 
33 
33 
33 
33 
33 
33 
33 
33 
33 
33 
33 
33 
33 
33 
33 
33 
33 
33 
32 33 
32 33 
32 33 
32 33 
32 33 
32 33 
32 33 
32 33 
32 33 
32 33 
32 33 
32 33 
32 33 
32 33 
32 33 
32 33 
32 33 
32 33 
32 33 
32 33 
32 33 
32 33 
33 
33 
33 
33 
33 
33 
33 
33 
33 
33 
33 
33 
33 
33 
33 
33 
33 
33 
33 
33 
33 
33 
33 
33 
33 
33 
33 
33 
33 
33 
33 
33 
33 
33 
33 
33 
33 
33 
33 
33 
33 
33 
33 
33 
33 
33 
33 
33 
33 
33 
33 
33 
33 
33 
33 
33 
33 
33 
33 
33 
33 
33 
33 
33 
33 
33 
33 
33 
33 
33 
33 
33 
53 
53 
53 
53 
34 51 
34 51 
34 51 
34 47 51 
34 51 
34 51 
34 51 
34 51 
34 47 51 
34 51 
34 51 
34 51 
34 51 
34 47 51 
51 52 
51 52 
51 52 
51 52 
51 
51 52 
51 52 
51 52 
51 52 
51 52 
51 52 
51 
51 52 
51 52 
52 53 
52 53 
52 53 
52 53 
53 
53 
53 
53 
53 
53 
53 
53 
53 
53 
53 
34 51 
34 51 
51 
51 52 
52 53 
53 
53 
52 53 
52 53 
52 53 
49 
49 
49 
49 
34 47 
34 47 
34 47 
34 43 47 
34 47 
34 47 
34 43 47 
34 47 
34 47 
34 47 
34 47 
34 43 47 
47 
47 48 49 
47 48 49 
47 
47 
47 48 49 
47 48 49 
47 
47 
47 48 49 
47 48 49 
47 
47 48 49 
47 
48 49 
48 49 
48 49 
48 49 
49 
49 
49 
49 
49 
49 
49 
49 
49 
49 
49 
34 47 
47 
47 48 49 
48 49 
49 
49 
48 49 
48 49 
48 49 
37 
37 
37 
37 
37 
37 
37 
37 
37 
35 36 
36 
36 
35 36 
35 36 
36 
36 37 
37 
37 
36 37 
36 37 
37 
37 
36 37 
37 
36 37 
36 37 
37 
36 37 
37 
36 37 
37 
34 
34 
34 
34 
34 
34 
34 
34 
34 
34 
34 
34 43 
34 39 43 
34 
36 37 
36 37 
36 
34 
34 39 
34 
34 
34 39 43 
34 43 
41 
41 
41 
41 
34 39 43 
34 39 
34 39 40 
39 40 41 
40 41 
40 41 
39 40 41 
39 40 
40 41 
40 41 
39 40 41 
39 40 
39 40 41 
39 40 41 
39 40 
40 41 
39 40 
41 
41 
40 41 
41 
41 
41 
40 41 
41 
41 
40 41 
41 
34 39 
39 40 
39 40 41 
40 41 
41 
34 39 40 
34 39 
34 39 
35 36 
34 35 36 
34 39 
34 
34 35 36 
34 39 
34 39 40 
34 39 
34 39 
34 39 
45 
45 
45 
45 
34 43 
34 43 
34 43 
34 43 
34 43 
34 43 
34 43 
43 44 
43 44 45 
43 44 45 
43 44 
43 44 
43 44 45 
43 44 45 
43 44 
43 44 
43 44 45 
43 44 45 
43 44 
43 44 45 
43 44 
44 45 
44 45 
44 45 
44 45 
45 
45 
45 
45 
45 
45 
45 
45 
45 
45 
45 
34 43 
43 44 
43 44 45 
44 45 
45 
45 
44 45 
44 45 
44 45 
34 
36 37 
36 37 
34 
34 
34 
34 
34 
34 
34 
34 
34 
34 
34 
33 34 
33 34 
34 
33 34 
33 34 
34 
34 
34 
33 34 
33 34 
34 
33 34 
33 34 
33 34 
33 34 
34 
34 
34 
33 34 
33 34 
34 
34 
34 
33 34 
33 34 
34 
33 34 
33 34 
33 34 
33 34 
34 
34 
34 
34 
34 
33 34 
33 
33 34 
33 
33 
33 
33 
33 
33 
33 
33 
33 
33 
33 
33 
33 
33 
33 
33 
33 
33 
33 
33 
33 
33 
33 
33 
33 34 
33 
33 
33 
33 
33 
33 34 
33 34 
34 
34 
33 34 
33 34 
33 34 
33 34 
33 34 
33 34 
34 35 
33 34 
33 34 
34 35 
34 35 
33 34 
33 34 35 
34 35 
34 35 36 
34 35 36 
34 35 
34 35 36 
34 35 36 
34 35 36 
34 35 36 
34 35 
34 35 36 
35 36 
34 35 36 
34 35 36 
34 
34 
34 35 36 
33 34 
34 
34 
33 34 
33 34 
33 34 
33 
33 
33 
33 
34 35 
34 35 
34 35 
61 62 
61 62 
61 62 
61 62 
62 63 
62 63 
62 63 
62 63 
61 62 
61 62 
62 63 
62 63 
61 62 
61 62 63 
61 62 
61 62 63 
61 62 
61 62 63 
61 62 
61 62 63 
61 62 
61 62 63 
62 63 
62 63 
62 63 
62 63 
62 63 
62 63 
62 63 
62 63 
62 63 
62 63 
62 63 
62 63 
63 
63 
61 62 
61 62 
61 62 
61 62 63 
62 63 
62 63 
63 
61 62 63 
61 62 
62 63 
62 63 
63 
63 
63 
63 
63 
63 
63 
63 
63 
61 62 63 
61 62 
61 62 
61 62 
61 62 
61 62 
61 62 
61 62 
61 62 
61 62 
61 62 
61 62 
61 62 
61 62 
61 62 
61 62 
61 62 
61 62 
61 62 
61 62 
61 62 
61 62 
61 62 
61 62 
61 62 
61 62 
61 62 
61 62 
61 62 
61 62 
61 62 
61 62 
61 62 
61 62 
61 62 
61 62 
61 62 
61 62 
61 62 
61 62 
61 62 
61 62 
61 62 
61 62 
61 62 
61 62 
61 62 
61 62 
61 62 
61 62 
61 62 
61 62 
61 62 
61 62 
61 62 
61 62 
61 62 
61 62 
61 62 
61 62 
61 62 
61 62 
61 62 
61 62 
61 62 
61 62 
61 62 
61 62 
61 62 
61 62 
61 62 
61 
61 
61 
61 
61 
61 
61 
61 
61 
61 
61 
61 
61 
61 
61 
61 
61 
61 
61 
61 
61 
61 
61 
61 
61 
61 
61 
61 
61 
61 
61 
61 
61 
61 
61 
61 
61 
61 
61 
61 
61 
61 
61 
61 
61 
61 
61 
61 
61 
61 
61 
61 
61 
61 
61 
61 
61 
61 
61 
61 
61 
61 
61 
61 
61 
61 
61 
61 
61 
61 
61 
61 
61 
61 
61 
61 
61 
61 
61 
61 
61 
61 
61 
61 
61 
5 
5 
5 
5 
5 
5 
5 
5 
5 
5 
5 
5 
5 
5 
5 
5 
5 
5 
5 
5 
5 
5 
5 
5 
5 
5 
5 
5 
5 
5 
5 
5 
5 
5 
5 
5 
5 
5 
5 
5 
5 
5 
5 
5 
5 
5 
5 
5 
5 
5 
5 
5 
5 
5 
5 
5 
5 
5 
5 
5 
5 
5 
5 
5 
5 
5 
5 
5 
5 
5 
5 
5 
5 
5 
5 
5 
5 
5 
5 
5 
5 
5 
5 
5 
5 
5 
5 
5 
5 
5 
5 
5 
5 
5 
5 
5 
5 
5 
5 
5 
5 
5 
5 
5 
5 
5 
5 
5 
5 
5 
5 
5 
5 
5 
5 
5 
5 
5 
5 
5 
5 
5 
5 
5 
5 
5 
5 
5 
5 
5 
5 
5 
5 
5 
5 
5 
5 
5 
5 
5 
5 
5 
5 
5 
5 
5 
5 
5 
5 
5 
5 
5 
5 
5 
5 
5 
5 
5 
5 
5 
5 
5 
4 5 
4 5 
5 
5 
5 
4 5 
3 4 5 
4 5 
3 4 
3 4 
3 4 5 
3 4 5 
3 4 
3 4 
5 
5 
5 
5 
5 
5 
5 
5 
5 
5 
5 
5 
5 
5 
5 
5 
5 
5 
5 
5 
5 
5 
5 
5 
5 
5 
5 
5 
5 
5 
5 
5 
5 
5 
5 
5 
5 
5 
5 
5 
5 
5 
5 
5 
5 
5 
5 
5 
5 
5 
5 
5 
5 
5 
5 
5 
5 
5 
5 
5 
5 
5 
5 
5 
5 
5 
5 
5 
5 
5 
5 
5 
5 
5 
5 
5 
5 
5 
5 
5 
5 
5 
5 
5 
5 
5 
5 
5 
5 
5 
5 
5 
5 
5 
5 
5 
5 
5 
5 
5 
5 
5 
5 
5 
5 
5 
5 
5 
5 
5 
5 
5 
5 
5 
5 
5 
5 
5 
5 
5 
5 
5 
5 
5 
5 
5 
5 
5 
5 
5 
5 
5 
5 
5 
5 
5 
5 
5 
5 
5 
5 
5 
5 
5 
5 
5 
5 
5 
5 
5 
5 
5 
5 
5 
5 
5 
5 
5 
5 
5 
5 
5 
5 
5 
5 
5 
5 
5 
5 
5 
5 
5 
5 
5 
5 
5 
5 
5 
5 
5 
5 
5 
5 
5 
5 
5 
5 
5 
5 
5 
5 
5 
5 
5 
5 
5 
5 
5 
5 
5 
5 
5 
5 
5 
5 
5 
5 
5 
5 
5 
5 
5 
5 
5 
5 
5 
5 
5 
5 
5 
5 
5 
5 
5 
5 
5 
5 
5 
5 
5 
5 
5 
5 
5 
5 
5 
4 5 
4 5 
4 5 
4 5 
4 5 
4 5 
5 
5 
5 
5 
5 
4 5 
5 
5 
5 
5 
5 
5 
5 
5 
5 
5 
5 
5 
5 
5 
5 
5 
5 
5 
5 
5 
5 
5 
5 
5 
5 
5 
5 
5 
4 5 
5 
4 5 
4 5 
3 4 
3 4 
3 4 
3 4 
4 5 
4 5 
4 5 
5 
4 5 
3 4 
3 4 
4 5 
4 5 
4 5 
4 5 
4 5 
3 4 5 
4 5 
3 4 
3 4 
3 4 5 
4 5 
3 4 5 
3 4 5 
3 4 5 
3 4 5 
3 4 5 
3 4 
3 4 
3 4 5 
3 4 5 
3 4 5 
3 4 
3 4 
3 4 
3 4 
3 4 
3 4 
5 
5 
5 
5 
5 
5 
5 
5 
5 
5 
4 5 
4 5 
4 5 
3 4 5 
3 4 
3 4 
4 5 
3 4 5 
3 4 
3 4 
4 5 
3 4 5 
3 4 
3 4 
5 
5 
5 
5 
5 
5 
5 
5 
5 
5 
5 
5 
5 
5 
5 
5 
5 
5 
5 
5 
5 
5 
5 
5 
5 
5 
5 
5 
5 
5 
5 
5 
5 
5 
5 
5 
5 
5 
5 
5 
5 
5 
5 
5 
5 
5 
5 
5 
5 
5 
5 
5 
5 
5 
5 
5 
5 
5 
5 
5 
5 
5 
5 
5 
5 
5 
5 
5 
5 
5 
5 
5 
5 
5 
5 
5 
5 
5 
5 
5 
5 
5 
5 
5 
5 
5 
5 
5 
5 
5 
5 
5 
5 
5 
5 
5 
5 
5 
5 
5 
5 
5 
5 
5 
5 
5 
5 
5 
5 
5 
5 
5 
5 
5 
5 
5 
5 
5 
5 
5 
5 
5 
5 
5 
5 
5 
5 
5 
5 
5 
5 
5 
5 
5 
5 
5 
5 
5 
5 
5 
5 
5 
5 
5 
5 
5 
5 
5 
5 
5 
5 
5 
5 
5 
5 
5 
5 
5 
5 
5 
5 
5 
5 
5 
5 
5 
5 
5 
5 
5 
5 
5 
5 
5 
5 
5 
5 
5 
5 
5 
5 
5 
5 
5 
5 
5 
5 
5 
5 
5 
5 
5 
5 
5 
5 
5 
5 
5 
5 
5 
5 
5 
5 
5 
5 
5 
5 
5 
5 
5 
5 
5 
5 
5 
5 
5 
5 
5 
5 
5 
5 
5 
5 
5 
5 
5 
5 
5 
5 
5 
5 
5 
5 
5 
5 
5 
5 
5 
5 
5 
5 
5 
5 
5 
5 
5 
5 
5 
5 
5 
5 
5 
5 
5 
5 
5 
5 
5 
5 
4 5 
4 5 
4 5 
4 5 
4 5 
4 5 
5 
5 
5 
5 
4 5 
5 
5 
5 
5 
5 
5 
5 
5 
5 
5 
5 
5 
5 
5 
5 
5 
5 
5 
5 
5 
5 
5 
5 
5 
5 
5 
5 
5 
4 5 
5 
4 5 
5 
3 4 
3 4 
3 4 
3 4 
4 5 
4 5 
4 5 
5 
4 5 
3 4 
3 4 
4 5 
4 5 
4 5 
4 5 
4 5 
3 4 5 
4 5 
3 4 
3 4 
3 4 5 
4 5 
3 4 5 
3 4 5 
3 4 5 
3 4 5 
3 4 5 
3 4 
3 4 
3 4 5 
3 4 5 
3 4 5 
3 4 
3 4 
3 4 
3 4 
3 4 
3 4 
5 
5 
5 
5 
5 
5 
5 
5 
5 
5 
4 5 
4 5 
4 5 
3 4 5 
3 4 
3 4 
4 5 
3 4 5 
3 4 
3 4 
4 5 
3 4 5 
3 4 
3 4 
5 
5 
5 
5 
5 
5 
5 
5 
5 
5 
5 
5 
5 
5 
5 
5 
5 
5 
5 
5 
5 
5 
5 
5 
5 
5 
5 
5 
5 
5 
5 
5 
5 
5 
5 
5 
5 
5 
5 
5 
5 
5 
5 
5 
5 
5 
5 
5 
5 
5 
5 
5 
5 
5 
5 
5 
5 
5 
5 
5 
5 
5 
5 
5 
5 
5 
5 
5 
5 
5 
5 
5 
5 
5 
5 
5 
5 
5 
5 
5 
5 
5 
5 
5 
5 
5 
5 
5 
5 
5 
5 
5 
5 
5 
5 
5 
5 
5 
5 
5 
5 
5 
5 
5 
5 
5 
5 
5 
5 
5 
5 
5 
5 
5 
5 
5 
5 
5 
5 
5 
5 
5 
5 
5 
5 
5 
5 
5 
5 
5 
5 
5 
5 
5 
5 
5 
5 
5 
5 
5 
5 
5 
5 
5 
5 
5 
5 
5 
5 
5 
5 
5 
5 
5 
5 
5 
5 
5 
5 
5 
5 
5 
5 
5 
5 
5 
5 
5 
5 
5 
5 
5 
5 
5 
5 
5 
5 
5 
5 
5 
5 
5 
5 
3 4 
3 4 
3 4 
3 4 
3 4 
3 4 
3 4 
3 4 
3 4 
3 4 
3 4 
3 4 
3 4 
3 4 
3 4 
3 4 
3 4 
3 4 
3 4 
3 4 
3 4 
3 4 
3 4 
3 4 
0 1 2 
0 1 2 
0 1 
0 1 
0 1 2 
0 1 
0 1 2 
0 1 
0 1 
0 1 2 
0 1 
0 1 
0 1 
0 1 
0 1 
0 1 55 
0 1 55 
0 1 55 60 
0 1 60 
0 1 60 
0 55 
0 55 
0 55 60 
0 60 
0 60 
0 55 
0 55 
0 55 60 
0 60 
0 60 
0 55 
0 55 
0 55 60 
0 60 
0 60 
55 
55 
55 60 
60 
60 
55 
55 
55 60 
60 
60 
0 1 2 
0 1 2 
0 1 
0 1 
0 1 2 
0 1 
0 1 
0 1 2 
0 1 
0 1 2 
0 1 
0 1 
0 1 
0 1 
0 1 
0 1 55 
0 1 55 
0 1 55 60 
0 1 60 
0 1 60 
0 55 
0 55 
0 55 60 
0 60 
0 60 
0 55 
0 55 
0 55 60 
0 60 
0 60 
0 55 
0 55 
0 55 60 
0 60 
0 60 
55 
55 
55 60 
60 
60 
55 
55 
55 60 
60 
60 
3 
3 
3 
3 
3 
3 
3 
3 
3 
3 
3 
3 
3 
3 
3 
5 
5 
5 
5 
5 
5 
5 
5 
5 
5 
5 
5 
5 
5 
5 
5 
5 
5 
5 
5 
5 
5 
5 
5 
5 
5 
5 
3 
3 
3 
3 
3 
3 
3 
3 
3 
3 
3 
3 
3 
3 
3 
3 
0 1 2 
0 1 2 
0 1 2 
0 1 2 
0 1 2 
0 1 2 
0 1 2 
0 1 2 
0 1 2 
0 1 2 
0 1 2 
0 1 2 
0 1 2 
0 1 2 
0 1 2 
0 1 2 
0 1 2 
0 1 2 
0 1 2 
0 1 2 
0 1 2 
0 1 2 
0 1 2 
0 1 2 
0 1 2 
0 1 2 
0 1 2 
0 1 2 
0 1 2 
0 1 2 
0 1 2 
0 1 2 
0 1 2 
0 1 2 
0 1 2 
0 1 2 
0 1 2 
0 1 2 
0 1 2 
0 1 2 
0 1 2 
0 1 2 
0 1 2 
0 1 2 
0 1 2 
0 1 2 
0 1 2 
0 1 2 
0 1 2 
0 1 2 
0 1 2 
0 1 2 
0 1 2 
0 1 2 
0 1 2 
0 1 2 
0 1 2 
0 1 2 
0 1 2 
0 1 2 
0 1 2 
0 1 2 
0 1 2 
0 1 2 
0 1 2 
0 1 2 
0 1 2 
0 1 2 
0 1 2 
0 1 2 
0 1 2 
0 1 2 
0 1 2 
0 1 2 
0 1 2 
0 1 2 
0 1 2 
0 1 2 
0 1 2 
0 1 2 
0 1 2 
0 1 2 
0 1 2 
0 1 2 
0 1 2 
0 1 2 
0 1 2 
0 1 2 
0 1 2 
0 1 2 
0 1 2 
0 1 2 
0 1 2 
0 1 2 
0 1 2 
0 1 2 
0 1 2 
0 1 2 
0 1 2 
0 1 2 
0 1 2 
0 1 2 
0 1 2 
0 1 2 
0 1 2 
0 1 2 
0 1 2 
0 1 2 
0 1 2 
0 1 2 
0 1 2 
0 1 2 
0 1 2 
0 1 2 
0 1 2 
0 1 2 
0 1 2 
0 1 2 
0 1 2 
0 1 2 
0 1 2 
0 1 2 
0 1 2 
0 1 2 
0 1 2 
0 1 2 
0 1 2 
0 1 2 
0 1 2 
0 1 2 
0 1 2 
0 1 2 
0 1 2 
0 1 2 
0 1 2 
0 1 2 
0 1 2 
0 1 2 
0 1 2 
0 1 2 
0 1 2 
0 1 2 
0 1 2 
0 1 2 
5 
5 
5 
5 
5 
5 
5 
4 5 
3 4 5 
3 4 5 
3 4 5 
3 4 
5 
2 3 
5 
5 
5 
5 
5 
5 
5 
4 5 
3 4 5 
5 
5 
4 5 
3 4 5 
5 
5 
5 
5 
5 
5 
5 
5 
5 
5 
5 
5 
5 
4 5 
3 4 5 
4 5 
3 4 5 
4 5 
3 4 5 
4 5 
3 4 5 
3 4 5 
3 4 5 
3 4 5 
3 4 5 
3 4 5 
3 4 5 
3 4 5 
3 4 5 
3 4 5 
3 4 5 
3 4 5 
3 4 5 
3 4 
3 4 
3 4 
3 4 
3 4 
3 4 
5 
5 
5 
4 5 
3 4 5 
5 
3 4 5 
3 4 5 
3 4 
3 31 32 
3 31 32 
32 
32 
32 
3 31 32 
2 3 31 
2 3 
2 3 
3 4 5 
3 4 5 
3 4 
3 4 5 
3 4 5 
3 4 
5 
5 
5 
5 
5 
5 
5 
4 5 
3 4 5 
5 
5 
4 5 
3 4 5 
5 
5 
5 
5 
5 
5 
5 
5 
5 
5 
5 
5 
5 
4 5 
3 4 5 
4 5 
3 4 5 
4 5 
3 4 5 
4 5 
3 4 5 
3 4 5 
3 4 5 
3 4 5 
3 4 5 
3 4 5 
3 4 5 
3 4 5 
3 4 5 
3 4 5 
3 4 5 
3 4 5 
3 4 5 
3 4 
3 4 
3 4 
3 4 
3 4 
3 4 
5 
5 
5 
4 5 
3 4 5 
5 
3 4 5 
3 4 5 
3 4 
3 7 8 
3 8 
8 
8 
8 
3 7 8 
2 3 7 
2 3 
2 3 
3 4 5 
3 4 5 
3 4 
3 
3 
3 31 
3 
3 7 
5 
5 
5 
5 
5 
5 
5 
5 
5 
5 
5 
5 
5 
5 
5 
5 
5 
5 
5 
5 
5 
4 5 
4 5 
4 5 
3 4 5 
3 4 5 
3 4 5 
5 
5 
5 
5 
4 5 
4 5 
5 
5 
5 
5 
3 4 5 
3 4 5 
4 5 
3 4 5 
4 5 
3 4 5 
3 4 5 
3 4 5 
3 4 5 
3 4 5 
3 4 5 
3 4 5 
3 4 5 
3 4 
3 4 
3 4 
3 4 
5 
5 
5 
5 
4 5 
3 4 5 
5 
3 4 5 
3 4 
3 4 31 
3 4 31 
31 32 
3 31 32 
32 
3 31 32 
31 32 
3 31 32 
3 4 31 32 
3 4 31 32 
3 4 31 32 
3 4 31 32 
3 31 32 
3 31 32 
3 31 32 
3 31 32 
3 31 32 
3 31 32 
3 31 32 
3 31 32 
3 31 32 
3 31 32 
3 31 32 
3 4 31 32 
3 31 32 
3 31 32 
3 31 32 
3 31 32 
3 31 32 
3 4 
3 31 
3 31 
3 31 
3 31 32 
3 4 31 32 
3 31 32 
3 4 
3 4 
3 31 32 
32 
32 
31 32 
3 31 32 
3 
3 
3 
3 31 
3 31 32 
3 31 32 
3 31 32 
3 31 
3 
3 
2 3 31 32 
2 3 
2 3 
2 3 
3 4 
3 4 5 
3 4 5 
3 4 
3 
3 
5 
5 
5 
5 
5 
5 
5 
5 
5 
5 
5 
5 
5 
5 
4 5 
4 5 
3 4 5 
3 4 5 
5 
5 
5 
5 
4 5 
4 5 
5 
5 
5 
5 
3 4 5 
3 4 5 
4 5 
3 4 5 
4 5 
3 4 5 
3 4 5 
3 4 5 
3 4 5 
3 4 5 
3 4 5 
3 4 5 
3 4 
3 4 
3 4 7 
3 4 7 
3 4 
3 4 
5 
5 
5 
4 5 
3 4 5 
5 
3 4 5 
3 4 
3 4 
3 4 7 
3 7 8 
3 7 8 
8 
7 8 
3 7 8 
8 
3 4 7 8 
3 7 8 
3 7 8 
3 4 7 8 
3 7 8 
3 7 8 
3 7 8 
3 7 8 
3 7 8 
3 7 8 
3 7 8 
3 7 8 
3 7 8 
3 7 8 
3 7 8 
3 7 8 
3 7 8 
3 7 8 
3 7 8 
3 7 8 
3 7 8 
3 7 
3 7 
3 4 
3 7 8 
3 7 
8 
8 
8 
3 7 8 
3 
3 7 
2 3 7 8 
3 7 8 
3 7 8 
3 7 
3 
2 3 7 8 
2 3 
2 3 
3 4 
3 4 5 
3 
3 
3 
3 
3 7 
3 4 7 8 
3 8 
3 7 8 
3 7 8 
3 7 8 
3 7 8 
3 8 
3 
3 
3 4 31 
3 31 32 
3 31 32 
3 4 31 
3 
3 31 32 
3 31 32 
3 
3 
3 
3 
3 
3 
3 
3 
3 
3 
3 
3 
3 
3 
3 
3 
3 
3 
3 
3 
3 4 
3 4 5 
3 4 5 
3 4 5 
4 5 
5 
5 
5 
5 
5 
5 
5 
5 
5 
4 5 
3 4 5 
3 4 5 
3 4 5 
3 4 
3 
3 4 5 
3 4 5 
3 4 5 
3 4 5 
3 4 5 
3 4 5 
3 4 5 
3 4 5 
3 4 5 
3 4 5 
3 4 5 
3 4 5 
3 4 5 
3 4 5 
3 4 5 
3 4 5 
3 4 5 
3 4 5 
3 4 
3 4 
3 4 
3 4 
3 4 
3 4 
3 4 
3 4 
3 4 
3 4 
3 4 
3 4 
3 4 
3 4 
3 4 
3 4 
3 4 
3 4 
3 4 5 
3 4 5 
3 4 5 
3 4 5 
3 4 5 
3 4 5 
3 4 5 
3 4 5 
3 4 5 
3 4 5 
3 4 5 
3 4 5 
3 4 5 
3 4 5 
3 4 5 
3 4 5 
3 4 5 
3 4 5 
0 
0 1 
0 55 60 
0 55 60 
0 55 60 
0 1 
0 55 60 
0 55 60 
0 55 60 
0 55 60 
0 55 60 
0 55 60 
0 60 
0 60 
0 60 
0 1 
0 1 
0 1 
0 1 
0 1 
0 1 
0 1 
0 1 
0 1 60 
0 60 
0 1 60 
0 1 60 
0 1 60 
0 1 60 
0 1 
0 1 
0 1 
0 60 
0 60 
0 60 
0 60 
0 60 
0 60 
0 60 
0 60 
0 60 
0 60 
0 60 
0 60 
0 60 
0 60 
0 60 
0 60 
0 60 
0 60 
0 60 
0 60 
0 60 
0 60 
0 60 
0 60 
0 60 
0 60 
0 60 
60 
0 60 
0 60 
0 60 
0 60 
0 60 
0 60 
0 60 
60 
0 60 
0 60 
0 60 
0 60 
0 60 
60 
60 
0 60 
60 
0 60 
60 
60 
60 
60 
60 
60 
60 
60 
60 
60 
60 
60 
60 
60 
60 
0 60 
0 60 
0 60 
0 60 
0 60 
0 60 
0 60 
0 60 
0 60 
0 60 
0 60 
0 60 
0 60 
0 60 
0 60 
0 60 
0 60 
0 60 
0 1 
0 1 
0 60 
60 
60 
60 
60 
60 
60 
60 
60 
60 
60 
60 
60 
60 
60 
60 
60 
60 
60 
60 
60 
60 
60 
60 
60 
60 
60 
60 
60 
60 
60 
60 61 
60 61 
60 61 
60 61 
60 61 
60 61 
60 61 
60 61 
60 61 
60 61 
60 61 
60 61 
60 61 
60 61 
60 61 
60 61 
60 61 
60 61 
60 61 
60 61 
60 61 
60 61 
60 61 
60 61 
60 61 
60 61 
60 61 
60 61 
60 61 
60 61 
60 61 
60 61 
60 61 
60 61 
60 61 
60 61 
60 61 
60 61 
60 61 
60 61 
60 61 
60 61 
60 61 
0 55 
0 55 
0 55 
0 1 
0 1 
0 1 
0 1 
0 1 
0 1 
0 1 
0 1 
0 1 55 
0 55 
0 1 55 
0 1 55 
0 1 55 
0 1 55 
0 1 
0 1 
0 1 
0 55 
0 55 
0 55 
0 55 
0 55 
0 55 
0 55 
0 55 
0 55 
0 55 
0 55 
0 55 
0 55 
0 55 
0 55 
0 55 
0 55 
0 55 
0 55 
0 55 
0 55 
0 55 
0 55 
0 55 
0 55 
0 55 
0 55 
55 
0 55 
0 55 
0 55 
0 55 
0 55 
0 55 
0 55 
55 
0 55 
0 55 
0 55 
0 55 
0 55 
55 
55 
0 55 
55 
0 55 
55 
55 
55 
55 
55 
55 
55 
55 
55 
55 
55 
55 
55 
55 
55 
0 55 
0 55 
0 55 
0 55 
0 55 
0 55 
0 55 
0 55 
0 55 
0 55 
0 55 
0 55 
0 55 
0 55 
0 55 
0 55 
0 55 
0 55 
0 1 
0 1 
0 55 
55 
55 
55 
55 
55 
55 
55 
55 
55 
55 
55 
55 
55 
55 
55 
55 
55 
55 
55 
55 
55 
55 
55 
55 
55 
55 
55 
55 
55 
55 
55 56 
55 56 
55 56 
55 56 
55 56 
55 56 
55 56 
55 56 
55 56 
55 56 
55 56 
55 56 
55 56 
55 56 
55 56 
55 56 
55 56 
55 56 
55 56 
55 56 
55 56 
55 56 
55 56 
55 56 
55 56 
55 56 
55 56 
55 56 
55 56 
55 56 
55 56 
55 56 
55 56 
55 56 
55 56 
55 56 
55 56 
55 56 
55 56 
55 56 
55 56 
55 56 
55 56 
60 61 
60 61 
60 61 
60 61 
60 61 
60 61 
60 61 
60 61 
60 61 
60 61 
60 61 
60 61 
60 61 
61 
61 
61 
61 
61 
61 
61 
61 
61 
61 
61 
61 
61 
61 
61 
61 
61 
61 
61 
61 
61 
61 
61 
61 
61 
61 
61 
61 
61 
61 
61 
61 
61 
61 
61 
61 
61 
61 
61 
55 56 
55 56 
55 56 
55 56 
55 56 
55 56 
55 56 
55 56 
55 56 
55 56 
55 56 
55 56 
55 56 
56 
56 
56 
56 
56 
56 
56 
56 
56 
56 
56 
56 
56 
56 
56 
56 
56 
56 
56 
56 
56 
56 
56 
56 
56 
56 
56 
56 
56 
56 
56 
56 
56 
56 
56 
56 
56 
56 
56 
0 55 
1 2 3 
1 2 3 
0 55 60 
0 1 
1 2 3 
1 2 3 
0 1 2 
0 1 2 
0 1 2 
0 1 2 
0 60 
1 2 3 
0 1 
1 2 3 
1 2 3 
0 1 2 
0 1 2 
0 1 2 
0 1 
0 1 
0 1 
0 1 
0 1 
0 1 2 
0 1 2 
0 1 2 
0 1 2 
0 1 2 
0 1 2 
0 1 2 
1 2 3 
1 2 3 
0 55 60 
0 55 
0 1 
1 2 3 
1 2 3 
0 1 2 
0 1 2 
1 2 3 
0 60 
0 1 
1 2 3 
1 2 3 
0 1 2 
0 1 2 
32 
32 
32 
32 
32 
32 
32 
32 
32 
32 
32 
32 
32 
32 
32 
32 
32 
32 
32 
8 
8 
8 
8 
8 
8 
8 
8 
8 
8 
8 
8 
8 
8 
8 
8 
8 
8 
8 
3 
3 
3 
3 
2 3 
3 
1 2 3 
1 2 3 
0 1 2 
0 1 2 
0 1 2 
0 1 2 
1 2 3 
1 2 3 
2 3 
3 
3 
3 
3 
3 
2 3 
3 
3 
3 
3 
3 
3 
3 
3 
3 31 32 
31 32 
3 31 32 
3 31 32 
2 3 
2 3 31 
3 31 32 
3 31 32 
2 3 31 32 
2 3 31 
2 3 31 
3 31 32 
3 31 
3 
3 
3 31 
3 31 32 
3 31 32 
3 31 
3 31 32 
3 31 32 
3 31 32 
3 31 
3 31 
3 
3 31 
3 
3 31 32 
3 31 32 
3 31 32 
32 
32 
31 32 
3 31 32 
2 3 31 32 
2 3 31 32 
2 3 
2 3 
1 2 3 
1 2 3 
2 3 
2 3 
1 2 3 
1 2 3 
2 3 
1 2 3 
2 3 
2 3 
1 2 3 
1 2 3 
3 31 32 
1 2 3 
1 2 3 
1 2 3 
1 2 3 
1 2 3 
1 2 3 
1 2 3 
0 1 2 
0 1 2 
0 1 2 
0 1 2 
0 1 2 
0 1 2 
0 1 2 
0 1 2 
0 1 2 
0 1 2 
0 1 2 
0 1 2 
0 1 2 
0 1 2 
3 
3 
3 31 
3 31 
3 
3 31 
3 
3 
3 
3 
3 
3 
3 31 32 
3 31 
3 
3 
3 
3 
3 
0 1 2 
0 1 2 
1 2 3 
1 2 3 
2 3 
3 31 
3 31 
3 
3 
2 3 31 
2 3 
2 3 
3 31 32 
32 
32 
32 
32 
31 32 
32 
3 31 32 
32 
32 
32 
32 
31 32 
32 
32 
3 31 32 
32 
32 
32 
3 
3 31 
3 31 32 
3 31 
3 31 
3 31 32 
3 31 32 
3 31 
3 31 32 
3 
3 31 
3 31 
3 31 
3 31 32 
3 31 32 
3 31 32 
3 
3 
3 
3 
3 
3 
3 
3 
3 31 
3 31 
3 31 
3 31 
3 
3 
3 
3 
3 
3 
3 
3 
3 
3 7 8 
7 8 
3 7 8 
3 7 8 
2 3 
2 3 7 
3 7 8 
3 7 8 
2 3 7 8 
2 3 7 
2 3 7 
3 7 8 
3 7 
3 
3 
3 7 
3 7 8 
3 7 8 
3 7 
3 7 8 
3 7 8 
3 7 8 
3 7 
3 7 
3 
3 7 
3 
3 7 8 
3 7 8 
3 7 8 
8 
8 
7 8 
3 7 8 
2 3 7 8 
2 3 7 8 
2 3 
2 3 
1 2 3 
1 2 3 
2 3 
2 3 
1 2 3 
1 2 3 
2 3 
1 2 3 
2 3 
2 3 
1 2 3 
1 2 3 
3 7 8 
1 2 3 
1 2 3 
1 2 3 
1 2 3 
1 2 3 
1 2 3 
1 2 3 
0 1 2 
0 1 2 
0 1 2 
0 1 2 
0 1 2 
0 1 2 
0 1 2 
0 1 2 
0 1 2 
0 1 2 
0 1 2 
0 1 2 
0 1 2 
0 1 2 
3 
3 
3 7 
3 7 
3 
3 7 
3 
3 
3 
3 
3 
3 
3 7 8 
3 7 
3 
3 
3 
3 
3 
0 1 2 
0 1 2 
1 2 3 
1 2 3 
2 3 
3 7 
3 7 
3 
3 
2 3 7 
2 3 
2 3 
3 7 8 
8 
8 
8 
8 
7 8 
8 
3 7 8 
8 
8 
8 
8 
7 8 
8 
8 
3 7 8 
8 
8 
8 
3 
3 7 
3 7 8 
3 7 
3 7 
3 7 8 
3 7 8 
3 7 
3 7 8 
3 
3 7 
3 7 
3 7 
3 7 8 
3 7 8 
3 7 8 
3 
3 
3 
3 
3 
3 
3 
3 
3 7 
3 7 
3 7 
3 7 
3 
3 
3 
8 
8 
8 
8 
8 
8 
8 
8 
8 
32 
32 
32 
32 
32 
32 
32 
32 
32 
0 1 2 
0 1 2 
0 1 2 
0 1 2 
0 1 2 
0 1 2 
0 1 2 
0 1 2 
0 1 2 
0 1 2 
0 1 2 
0 1 2 
0 1 2 
0 1 2 
0 1 2 
0 1 2 
0 1 2 
0 1 2 
0 1 2 
0 1 2 
0 1 
0 1 
0 1 2 
0 1 
0 1 2 
0 1 2 
0 1 
0 1 
0 1 2 
0 1 2 
0 1 
0 1 
0 1 2 
0 1 
0 1 2 
0 1 
0 1 2 
0 1 
0 1 2 
0 1 
0 1 
0 1 2 
0 1 2 
0 1 
0 1 2 
0 1 
0 1 
0 1 2 
0 1 2 
0 1 
0 1 
0 1 2 
0 1 2 
0 1 
0 1 
0 1 
0 1 
0 1 
0 1 
0 1 
0 1 
0 1 
0 1 
0 1 
0 1 
0 1 
0 1 
0 1 
0 1 
0 1 
0 1 
0 1 
0 1 55 
0 1 55 
0 1 55 
0 1 55 
0 1 55 
0 1 55 
0 1 55 
0 1 55 60 
0 1 55 60 
0 1 55 
0 1 60 
0 1 60 
0 1 60 
0 1 60 
0 1 60 
0 1 60 
0 1 60 
0 1 60 
0 55 
0 55 
0 55 
0 55 
0 55 
0 55 
0 55 60 
0 55 60 
0 55 60 
0 55 
0 60 
0 60 
0 60 
0 60 
0 60 
0 60 
0 55 60 
0 60 
0 55 
0 55 
0 55 
0 55 60 
0 60 
0 60 
0 60 
0 55 60 
0 60 
0 55 
0 55 
0 55 
0 55 60 
0 55 60 
0 55 
0 60 
0 60 
0 60 
0 55 
0 55 
0 55 
0 55 
0 55 
0 55 
0 55 60 
0 55 60 
0 55 60 
0 55 
0 60 
0 60 
0 60 
0 60 
0 60 
0 60 
0 55 60 
0 60 
0 55 
0 55 
0 55 
0 55 
0 55 
0 55 
0 55 60 
0 55 60 
0 55 60 
0 55 
0 60 
0 60 
0 60 
0 60 
0 60 
0 60 
0 55 60 
0 60 
0 1 2 
0 1 2 
0 1 2 
0 1 2 
0 1 2 
0 1 2 
0 1 2 
0 1 2 
0 1 2 
0 1 2 
0 1 2 
0 1 2 
0 1 2 
0 1 2 
0 1 2 
0 1 2 
0 1 2 
0 1 2 
0 1 
0 1 2 
0 1 2 
0 1 2 
0 1 
0 1 2 
0 1 2 
0 1 2 
0 1 
0 1 2 
0 1 
0 1 2 
0 1 
0 1 2 
0 1 
0 1 2 
0 1 2 
0 1 2 
0 1 2 
0 1 2 
0 1 2 
0 1 2 
0 1 2 
0 1 2 
0 1 2 
0 1 2 
0 1 2 
0 1 2 
0 1 2 
0 1 2 
0 1 2 
0 1 2 
0 1 2 
0 1 2 
0 1 2 
0 1 2 
0 1 2 
0 1 2 
0 1 2 
0 1 2 
0 1 2 
0 1 2 
0 1 2 
0 1 2 
0 1 2 
0 1 2 
0 1 2 
0 1 
0 1 2 
0 1 2 
0 1 
0 1 2 
0 1 2 
0 1 2 
0 1 
0 1 2 
0 1 
0 1 2 
0 1 
0 1 2 
0 1 
0 1 2 
0 1 2 
0 1 2 
0 1 2 
0 1 2 
0 1 2 
0 1 2 
0 1 2 
0 1 2 
0 1 2 
0 1 2 
0 1 2 
0 1 2 
0 1 2 
0 1 2 
0 1 2 
0 1 2 
0 1 2 
0 1 2 
0 1 2 
0 1 2 
0 1 2 
0 1 2 
0 1 2 
0 1 2 
0 1 2 
0 1 2 
0 1 2 
0 1 2 
0 1 2 
0 1 2 
0 1 2 
0 1 2 
0 1 2 
0 1 2 
0 1 2 
0 1 2 
0 1 2 
0 1 2 
0 1 2 
0 1 2 
0 1 2 
0 1 2 
0 1 2 
0 1 2 
0 1 2 
0 1 2 
0 1 2 
0 1 2 
0 1 2 
0 1 2 
0 1 2 
0 1 2 
0 1 2 
0 1 2 
0 1 2 
0 1 2 
0 1 2 
0 1 2 
0 1 2 
0 1 2 
0 1 2 
0 1 2 
0 1 2 
0 1 2 
0 1 2 
0 1 2 
0 1 2 
0 1 2 
0 1 2 
0 1 2 
0 1 2 
0 1 2 
0 1 2 
0 1 2 
0 1 2 
0 1 2 
0 1 2 
0 1 2 
0 1 2 
0 1 2 3 
0 1 2 
0 1 2 
0 1 2 3 
0 1 2 
0 1 2 
0 1 2 
0 1 2 
0 1 60 
0 1 60 
0 1 
0 1 
0 1 
0 1 
0 1 
0 1 
0 1 55 60 
0 1 60 
0 1 55 
0 1 55 
0 1 
0 1 
0 1 
0 1 
0 1 
0 1 55 
0 1 60 
0 1 60 
0 1 
0 1 
0 1 
0 1 
0 1 60 
0 1 
0 1 55 60 
0 1 60 
0 1 55 
0 1 55 
0 1 
0 1 
0 1 
0 1 
0 1 55 
0 1 55 
0 1 2 
0 1 2 
0 1 2 
0 1 2 
0 1 2 3 
0 1 2 3 
0 1 2 
0 1 2 
0 1 2 
0 1 2 
0 1 2 
0 1 2 
0 1 2 
0 1 2 3 
1 2 3 
1 2 3 
0 1 2 
0 1 2 
3 
3 
3 
3 
3 
3 
3 
3 
3 
3 
3 
3 
3 
3 
3 
3 
3 
3 
3 
3 
3 
3 
3 
3 
3 
3 
3 
3 
3 
3 
3 
3 
3 
3 
3 
3 
3 
3 
3 
3 
3 
3 
3 
3 
3 
3 
3 
3 
3 
3 
3 
3 
3 
3 
3 
3 
3 
3 
3 
3 
3 
3 
3 
3 
3 
3 
3 
3 
3 
3 
3 
3 
3 
3 
3 
3 
3 
3 
3 
3 
3 
3 
3 
3 
3 
3 
3 
3 
3 
3 
3 
3 
3 
3 
3 
3 
3 
3 
3 
3 
3 
3 
3 
3 
3 
3 
3 
3 
3 
3 
3 
3 
3 
3 
3 
3 
3 
3 
3 
3 
3 
3 
3 
3 
3 31 
3 31 
3 31 
3 31 
3 31 
3 31 
3 31 
3 31 
3 31 
3 31 
3 31 
3 31 
3 31 
3 31 
2 3 
2 3 
1 2 3 
1 2 3 
3 
3 
1 2 3 
1 2 3 
1 2 3 
1 2 3 
0 1 2 
1 2 3 
1 2 3 
1 2 3 
1 2 3 
1 2 3 
2 3 
2 3 
3 
3 
3 
3 
3 
3 
3 
3 
2 3 
3 
3 
3 
3 
3 
3 
3 
3 
3 
3 31 
3 31 
3 31 
3 31 
3 31 
3 31 
3 31 
3 31 
3 31 
3 31 
3 31 
3 31 
3 31 
3 31 
2 3 
2 3 
1 2 3 
1 2 3 
1 2 3 
1 2 3 
1 2 3 
1 2 3 
0 1 2 
1 2 3 
1 2 3 
1 2 3 
1 2 3 
1 2 3 
2 3 
2 3 
3 
3 
0 1 2 
0 1 2 
0 1 2 
0 1 2 
0 60 
0 60 
0 60 
0 60 
0 1 2 
0 1 2 
0 1 
0 1 
60 
60 
0 1 2 
0 1 2 
0 1 2 
0 1 2 
0 1 2 
0 1 2 
0 1 
0 1 
0 1 
60 
60 
0 1 2 
0 1 2 
0 1 2 
0 1 2 
0 60 
0 60 
0 60 
0 60 
0 60 
0 60 
60 
60 
56 57 
56 57 
56 57 
56 57 
57 58 
57 58 
57 58 
57 58 
56 57 
56 57 
57 58 
57 58 
56 57 
56 57 58 
56 57 
56 57 58 
56 57 
56 57 58 
56 57 
56 57 58 
56 57 
56 57 58 
57 58 
57 58 
57 58 
57 58 
57 58 
57 58 
57 58 
57 58 
57 58 
57 58 
57 58 
57 58 
58 
58 
56 57 
56 57 
56 57 
57 58 
57 58 
57 58 
58 
56 57 58 
56 57 
57 58 
57 58 
58 
58 
58 
58 
58 
58 
58 
58 
58 
56 57 58 
56 57 
56 57 
56 57 
56 57 
56 57 
56 57 
56 57 
56 57 
56 57 
56 57 
56 57 
56 57 
56 57 
56 57 
56 57 
56 57 
56 57 
56 57 
56 57 
56 57 
56 57 
56 57 
56 57 
56 57 
56 57 
56 57 
56 57 
56 57 
56 57 
56 57 
56 57 
56 57 
56 57 
56 57 
56 57 
56 57 
56 57 
56 57 
56 57 
56 57 
56 57 
56 57 
56 57 
56 57 
56 57 
56 57 
56 57 
56 57 
56 57 
56 57 
56 57 
56 57 
56 57 
56 57 
56 57 
56 57 
56 57 
56 57 
56 57 
56 57 
56 57 
56 57 
56 57 
56 57 
56 57 
56 57 
56 57 
56 57 
56 57 
56 57 
56 
56 
56 
56 
56 
56 
56 
56 
56 
56 
56 
56 
56 
56 
56 
56 
56 
56 
56 
56 
56 
56 
56 
56 
56 
56 
56 
56 
56 
56 
56 
56 
56 
56 
56 
56 
56 
56 
56 
56 
56 
56 
56 
56 
56 
56 
56 
56 
56 
56 
56 
56 
56 
56 
56 
56 
56 
56 
56 
56 
56 
56 
56 
56 
56 
56 
56 
56 
56 
56 
56 
56 
56 
56 
56 
56 
56 
56 
56 
56 
56 
56 
56 
56 
56 
29 
29 
29 
29 
10 27 
10 27 
10 27 
10 23 27 
10 27 
10 27 
10 27 
10 27 
10 23 27 
10 27 
10 27 
10 27 
10 27 
10 23 27 
27 
27 28 
27 28 
27 
27 
27 28 
27 28 
27 
27 
27 28 
27 28 
27 
27 28 
27 
28 29 
28 29 
28 29 
28 29 
29 
29 
29 
29 
29 
29 
29 
29 
29 
29 
29 
10 27 
10 27 
27 
27 28 
28 29 
29 
29 
28 29 
28 29 
28 29 
25 
25 
25 
25 
10 23 
10 23 
10 23 
10 19 23 
10 23 
10 23 
10 19 23 
10 23 
10 23 
10 23 
10 23 
10 19 23 
23 
23 24 
23 24 
23 
23 
10 23 24 
23 24 
23 
23 
23 24 
23 24 
23 
24 
23 
24 25 
24 25 
24 25 
24 25 
25 
25 
25 
25 
25 
25 
25 
25 
25 
25 
25 
10 23 
23 
23 24 
24 25 
25 
25 
24 25 
24 25 
24 25 
13 
13 
13 
13 
13 
13 
13 
13 
13 
11 12 
12 
12 
11 12 
11 12 
12 
12 13 
13 
13 
12 13 
12 13 
13 
13 
12 13 
13 
12 13 
12 13 
13 
12 13 
13 
12 13 
13 
10 
10 
10 
10 
10 
10 
10 
10 
10 
10 
10 
10 19 
10 15 19 
10 
12 
12 
12 
10 
10 15 
10 
10 
10 15 19 
10 19 
17 
17 
17 
17 
10 15 19 
10 15 
10 15 
15 16 
16 17 
16 17 
15 16 
15 16 
16 17 
16 17 
15 16 
15 16 
16 17 
16 17 
15 16 
16 17 
15 16 
17 
17 
17 
17 
17 
17 
17 
17 
17 
17 
17 
10 15 
15 16 
16 17 
17 
17 
10 15 
10 15 
10 15 
11 12 
10 11 12 
10 15 
10 
10 11 
10 15 
10 15 
10 15 
10 15 
10 15 
21 
21 
21 
21 
10 19 
10 19 
10 19 
10 19 
10 19 
10 19 
10 19 
19 
19 20 
19 20 
19 
19 
19 20 
19 20 
19 
19 
19 20 
19 20 
19 
19 20 
19 
20 21 
20 21 
20 21 
20 21 
21 
21 
21 
21 
21 
21 
21 
21 
21 
21 
21 
10 19 
19 
19 20 
20 21 
21 
21 
20 21 
20 21 
20 21 
10 
12 
12 
10 
10 
10 
10 
10 
10 
10 
10 
10 
10 
10 
9 10 
9 10 
10 
9 10 
9 10 
10 
10 
10 
9 10 
9 10 
10 
9 10 
9 10 
9 10 
9 10 
10 
10 
10 
9 10 
9 10 
10 
10 
10 
9 10 
9 10 
10 
9 10 
9 10 
9 10 
9 10 
10 
10 
10 
10 
10 
9 10 
9 
9 
9 
9 
9 
9 
9 
9 
9 
9 
9 
9 
9 
9 
9 
9 
9 
9 
9 
9 
9 
9 
9 
9 
9 
9 
9 
9 
9 
9 
9 
9 
9 10 
9 10 
10 
10 
9 10 
9 10 
9 10 
9 10 
9 10 
9 10 
10 11 
9 10 
9 10 
10 11 
10 11 
9 10 
10 11 
10 11 
10 11 12 
10 11 12 
10 11 
10 11 12 
10 11 12 
10 11 12 
10 11 12 
10 11 
10 11 
11 12 
10 11 
10 11 12 
10 
10 
10 11 12 
9 10 
10 
10 
9 10 
9 10 
9 10 
9 
9 
9 
9 
10 11 
10 11 
10 11 
8 
8 
8 
8 
8 
8 
8 
8 
8 
8 
8 
8 
8 
8 
8 
8 
8 
8 
8 9 
8 9 
8 9 
8 9 
8 9 
8 9 
8 9 
8 9 
8 9 
8 
8 
8 
8 
8 
8 
8 
8 
8 
8 9 
8 9 
8 9 
8 9 
8 9 
8 9 
8 9 
8 9 
8 9 
8 9 
8 9 
8 9 
8 9 
8 9 
9 
9 
9 
9 
9 
9 
9 
9 
9 
10 
10 
10 
10 
10 
10 
10 
10 
10 
9 10 
9 10 
9 10 
9 10 
9 10 
9 10 
9 10 
9 10 
9 10 
8 9 
8 9 
8 9 
8 9 
8 9 
8 9 
8 9 
8 9 
8 9 
9 
9 
9 
9 
9 
9 
9 
9 
9 
9 
9 
9 
9 
9 
9 
9 
9 
9 
9 10 
9 10 
9 10 
9 10 
9 10 
9 10 
9 10 
9 10 
9 10 
9 10 
9 10 
9 10 
9 10 
9 10 
9 10 
9 10 
9 10 
9 10 
9 10 
9 10 
9 10 
9 10 
9 10 
9 10 
9 10 
9 10 
9 10 
9 10 
9 10 
9 10 
9 10 
9 10 
9 10 
9 10 
9 10 
9 10 
9 10 
9 10 
9 10 
9 10 
9 10 
10 
10 
10 
10 
10 
10 
10 
10 
10 
9 10 
9 10 
9 10 
9 10 
9 10 
9 10 
9 10 
9 10 
10 
10 
10 
10 
10 
10 
10 
10 
10 
9 10 
9 10 
9 10 
8 9 
8 9 
8 9 
8 9 
8 9 
8 9 
8 9 
8 9 
8 9 
9 
9 
9 
9 
9 
9 
9 
9 
9 
9 
9 
9 
9 
9 
9 
9 
9 
9 
8 9 
8 9 
8 9 
8 9 
8 9 
8 9 
8 9 
8 9 
8 9 
8 9 
8 9 
8 9 
8 9 
8 9 
8 9 
8 9 
8 9 
8 9 
8 9 
8 9 
8 9 
8 9 
9 
9 
9 
9 
9 
9 
9 
9 
9 
9 
9 
9 
9 
9 
9 
9 
9 
9 
9 
9 
9 
9 
9 
9 
9 
9 
9 
9 
9 
9 
9 
9 
9 
9 
9 
9 
9 
9 
9 
9 
9 
9 
9 
9 
9 
9 
9 
9 
9 
9 
9 
9 
9 
9 
9 
9 
9 
9 
9 
9 
9 
9 
9 
9 
9 
9 
9 
9 
9 
9 
9 
9 
5 
5 
5 
5 
5 
5 
5 
5 
5 
5 
5 
5 
5 
5 
5 
5 
5 
5 
5 
5 
5 
5 
5 
5 
5 
5 
5 
5 
5 
5 
5 
5 
5 
5 
5 
5 
5 
5 
5 
5 
5 
5 
5 
5 
5 
5 
5 
5 
5 
5 
5 
5 
5 
5 
5 
5 
5 
5 
5 
5 
5 
5 
5 
5 
5 
5 
5 
5 
5 
5 
5 
5 
5 
5 
5 
5 
5 
5 
5 
5 
5 
5 
5 
5 
5 
5 
5 
5 
5 
5 
5 
5 
5 
5 
5 
5 
5 
5 
5 
5 
5 
5 
5 
5 
5 
5 
5 
5 
5 
5 
5 
5 
5 
5 
5 
5 
5 
5 
5 
5 
5 
5 
5 
5 
5 
5 
5 
5 
5 
5 
5 
5 
5 
5 
5 
5 
5 
5 
5 
5 
5 
5 
5 
5 
5 
5 
5 
5 
5 
5 
5 
5 
5 
5 
5 
5 
5 
5 
5 
5 
5 
5 
5 
5 
5 
5 
5 
5 
5 
5 
5 
5 
5 
5 
5 
5 
5 
5 
5 
5 
5 
5 
5 
5 
5 
5 
5 
5 
5 
5 
5 
5 
5 
5 
5 
5 
5 
5 
5 
5 
5 
5 
5 
5 
5 
5 
5 
5 
5 
5 
5 
5 
5 
5 
5 
5 
5 
5 
5 
5 
5 
5 
5 
5 
5 
5 
5 
5 
5 
5 
5 
5 
5 
5 
5 
5 
5 
5 
5 
5 
5 
5 
5 
5 
5 
5 
5 
5 
5 
5 
5 
5 
5 
5 
5 
5 
5 
5 
5 
5 
5 
5 
