0.787546 -0.476346 -0.39098 -0.113529 0.437343 0.878998 -0.189983 112.439629 0.434169 -0.021372 0.900578 -0.04538 0.0 0.0 0.0 1.0 
0.988625 0.125223 0.083304 -0.0 -0.137517 0.976911 0.163504 10.182437 -0.060906 -0.1731 0.983019 -0.0 0.0 0.0 0.0 1.0 
-0.642558 -0.358746 -0.677068 -8.207789 0.109258 -0.917495 0.382447 -6.771764 -0.758407 0.17177 0.62874 -1.512219 0.0 0.0 0.0 1.0 
-0.224708 0.846919 0.481907 8.207788 0.146522 -0.459565 0.875975 -6.771803 0.963347 0.267449 -0.020825 -1.512214 0.0 0.0 0.0 1.0 
0.966465 0.201869 0.158726 0.0 -0.216455 0.972964 0.08055 10.002675 -0.138174 -0.112205 0.984031 0.0 0.0 0.0 0.0 1.0 
0.828656 -0.00639 -0.559722 0.0 0.023874 0.999428 0.023935 44.371464 0.559249 -0.033197 0.828335 -0.0 0.0 0.0 0.0 1.0 
0.999087 -0.0005 -0.042708 0.0 0.030769 -0.685098 0.727801 44.371391 -0.029623 -0.728451 -0.684457 0.0 0.0 0.0 0.0 1.0 
0.964759 0.198829 0.172358 0.0 -0.214462 0.973675 0.077222 9.322091 -0.152466 -0.111465 0.982003 0.0 0.0 0.0 0.0 1.0 
0.968101 0.035715 -0.248004 -0.0 -0.037961 0.99927 -0.004276 44.527813 0.24767 0.013554 0.96875 0.0 0.0 0.0 0.0 1.0 
0.94612 0.311686 -0.087798 -0.0 -0.306732 0.949539 0.06551 44.527847 0.103787 -0.03505 0.993982 -0.0 0.0 0.0 0.0 1.0 
0.919167 -0.075147 0.386633 0.0 0.069769 0.997172 0.027945 16.865322 -0.38764 0.001289 0.92181 0.0 0.0 0.0 0.0 1.0 
0.015052 -0.830223 -0.557228 -4.56997 -0.011274 0.557114 -0.830359 11.195845 0.999823 0.018781 -0.000974 -0.806632 0.0 0.0 0.0 1.0 
0.161431 0.986165 0.037674 4.570446 0.12321 0.017736 -0.992222 11.195644 -0.979163 0.164818 -0.118642 -0.806627 0.0 0.0 0.0 1.0 
0.991182 0.115289 -0.065325 -0.0 -0.073412 0.067346 -0.995025 13.816866 -0.110316 0.991046 0.075215 0.0 0.0 0.0 0.0 1.0 
1.0 5e-06 -1e-06 0.0 -5e-06 0.999885 -0.01515 13.816865 0.0 0.01515 0.999885 0.0 0.0 0.0 0.0 1.0 
0.919078 -0.06998 0.387812 -0.0 0.067457 0.997519 0.020132 9.341924 -0.388259 0.007658 0.921519 2.841041 0.0 0.0 0.0 1.0 
0.989922 0.061513 0.127557 0.0 -0.08818 0.972552 0.215331 10.838176 -0.11081 -0.224408 0.968175 0.0 0.0 0.0 0.0 1.0 
0.809694 -0.029687 -0.5861 -0.0 0.005225 0.999045 -0.043385 10.837706 0.586829 0.032066 0.809076 0.0 0.0 0.0 0.0 1.0 
0.999731 0.0 0.023215 -0.0 0.0 1.0 -0.0 9.278121 -0.023215 0.0 0.999731 0.0 0.0 0.0 0.0 1.0 
0.999718 -0.0 -0.023737 -0.0 0.0 1.0 0.0 9.278137 0.023737 -0.0 0.999718 0.0 0.0 0.0 0.0 1.0 
1.0 -0.0 0.0 1e-06 -0.0 1.0 -0.0 20.962782 -0.0 0.0 1.0 10.122935 0.0 0.0 0.0 1.0 
0.97928 0.151684 0.134176 -0.0 -0.162125 0.984242 0.070592 27.841518 -0.121354 -0.090883 0.98844 0.0 0.0 0.0 0.0 1.0 
0.942937 -0.310883 -0.119257 0.0 0.308414 0.950448 -0.039096 27.841522 0.125502 8.5e-05 0.992093 0.0 0.0 0.0 0.0 1.0 
0.991939 -0.122681 0.031738 2.3e-05 0.126148 0.979766 -0.155389 28.328838 -0.012032 0.15814 0.987343 4e-06 0.0 0.0 0.0 1.0 
0.729811 0.051117 0.681735 5e-06 0.094343 0.980129 -0.174488 28.328835 -0.677108 0.19166 0.710487 -1e-06 0.0 0.0 0.0 1.0 
0.896769 0.441061 -0.035638 2.681852 -0.379615 0.725447 -0.574125 2.464805 -0.227371 0.528387 0.817991 1.573984 0.0 0.0 0.0 1.0 
0.998354 0.057227 0.003801 2.259835 -0.057353 0.995799 0.071386 9.108283 0.0003 -0.071486 0.997442 0.517862 0.0 0.0 0.0 1.0 
0.992886 -0.118152 -0.01472 -2.4e-05 0.10816 0.946716 -0.303364 9.532501 0.049779 0.299614 0.952761 4e-05 0.0 0.0 0.0 1.0 
0.987045 -0.136338 0.084578 -1.865133 0.153741 0.954486 -0.255577 9.103592 -0.045884 0.26527 0.963082 0.04307 0.0 0.0 0.0 1.0 
0.989017 -0.143205 0.036574 -3.806278 0.147641 0.945674 -0.28966 8.076676 0.006893 0.291878 0.956431 0.486704 0.0 0.0 0.0 1.0 
0.907391 -0.335014 0.253786 -2.681731 0.391637 0.89311 -0.221301 2.466145 -0.152519 0.300198 0.941604 1.576193 0.0 0.0 0.0 1.0 
0.992291 0.079546 0.095033 -2.259863 -0.080132 0.996781 0.002361 9.109309 -0.09454 -0.009958 0.995471 0.518034 0.0 0.0 0.0 1.0 
0.993029 0.083751 -0.082941 -3.7e-05 -0.105419 0.945822 -0.307095 9.533401 0.052727 0.313698 0.948058 -3.3e-05 0.0 0.0 0.0 1.0 
0.972231 0.091325 -0.215468 1.865081 -0.138494 0.966705 -0.215175 9.104528 0.188643 0.239041 0.952509 0.043028 0.0 0.0 0.0 1.0 
0.960554 0.082723 -0.265506 3.806263 -0.13019 0.977414 -0.166472 8.077779 0.245738 0.194471 0.949628 0.486877 0.0 0.0 0.0 1.0 
0.950414 -0.309816 -0.026968 -0.0 0.309854 0.935986 0.167098 4.188985 -0.026528 -0.167168 0.985571 0.0 0.0 0.0 0.0 1.0 
0.99867 -0.050737 0.009184 -0.0 0.051561 0.981585 -0.183935 3.7 0.000318 0.184164 0.982895 0.0 0.0 0.0 0.0 1.0 
0.994265 -0.101226 0.034489 -0.0 0.105283 0.870006 -0.481669 3.7 0.018752 0.482538 0.875674 0.0 0.0 0.0 0.0 1.0 
0.993392 -0.108182 0.038324 0.0 0.112876 0.860496 -0.496795 3.379273 0.020766 0.497839 0.867021 -0.0 0.0 0.0 0.0 1.0 
0.991442 -0.121026 0.048946 -0.0 0.13053 0.925291 -0.356089 3.6 -0.002193 0.35943 0.933169 -0.0 0.0 0.0 0.0 1.0 
0.921618 0.169522 -0.349117 -0.0 -0.166403 0.98528 0.039148 4.187095 0.350615 0.022014 0.936261 0.0 0.0 0.0 0.0 1.0 
0.99839 0.028275 -0.049179 -0.0 -0.036302 0.984623 -0.170877 3.7 0.043591 0.172387 0.984064 0.0 0.0 0.0 0.0 1.0 
0.996065 0.080958 -0.036073 -0.0 -0.087891 0.849788 -0.519746 3.7 -0.011423 0.520871 0.853559 0.0 0.0 0.0 0.0 1.0 
0.995049 0.097298 0.020256 0.0 -0.069531 0.827173 -0.557629 3.15 -0.071012 0.55346 0.829843 0.0 0.0 0.0 0.0 1.0 
0.981604 0.14189 0.127751 -0.0 -0.084173 0.922182 -0.377485 3.6 -0.171372 0.359787 0.917161 0.0 0.0 0.0 0.0 1.0 
0.985081 -0.17197 -0.006416 -0.0 0.17118 0.975369 0.139117 3.416271 -0.017665 -0.13814 0.990255 0.0 0.0 0.0 0.0 1.0 
0.998823 -0.04849 0.000866 -0.0 0.048489 0.998823 0.001436 2.85 -0.000934 -0.001393 0.999999 -0.0 0.0 0.0 0.0 1.0 
0.999661 -0.026044 0.000689 -0.0 0.025847 0.988111 -0.151553 2.95 0.003266 0.15152 0.988449 -0.0 0.0 0.0 0.0 1.0 
0.993642 -0.106136 0.037555 0.0 0.112542 0.927197 -0.357268 2.889685 0.003098 0.359223 0.933247 0.0 0.0 0.0 0.0 1.0 
0.992743 -0.111948 0.043915 -0.0 0.11705 0.983287 -0.139447 2.1 -0.02757 0.143575 0.989255 -0.0 0.0 0.0 0.0 1.0 
0.9902 -0.002041 -0.13964 -0.0 0.00421 0.999875 0.015238 3.418388 0.139592 -0.015677 0.990085 0.0 0.0 0.0 0.0 1.0 
0.995895 0.073396 -0.052979 -0.0 -0.0783 0.992164 -0.097367 2.85 0.045418 0.101116 0.993837 0.0 0.0 0.0 0.0 1.0 
0.999746 0.016675 -0.015175 -0.0 -0.02024 0.960317 -0.278176 2.95 0.009934 0.278413 0.96041 0.0 0.0 0.0 0.0 1.0 
0.997795 0.062862 0.02131 3e-06 -0.054058 0.955912 -0.288634 2.95 -0.038515 0.286845 0.957202 1e-06 0.0 0.0 0.0 1.0 
0.992319 0.080677 0.093774 0.0 -0.076734 0.996039 -0.04492 2.1 -0.097027 0.037379 0.99458 0.0 0.0 0.0 0.0 1.0 
0.967631 0.095336 -0.233668 0.0 -0.098051 0.995181 -0.0 2.574977 0.232542 0.022911 0.972316 -0.0 0.0 0.0 0.0 1.0 
0.999998 -0.000174 0.002005 0.0 0.000174 1.0 0.0 2.772191 -0.002005 0.0 0.999998 0.0 0.0 0.0 0.0 1.0 
0.999998 -0.000333 0.001858 0.0 0.000333 1.0 -0.0 2.946629 -0.001858 1e-06 0.999998 0.0 0.0 0.0 0.0 1.0 
0.999999 0.001599 0.000292 0.0 -0.001599 0.999999 0.0 2.638816 -0.000292 -1e-06 1.0 0.0 0.0 0.0 0.0 1.0 
0.999995 8.3e-05 0.003139 0.0 -8.3e-05 1.0 -0.0 2.115781 -0.003139 -0.0 0.999995 0.0 0.0 0.0 0.0 1.0 
0.966428 -0.081335 0.243724 0.0 0.083864 0.996477 0.0 2.580581 -0.242865 0.02044 0.969845 0.0 0.0 0.0 0.0 1.0 
1.0 2.6e-05 -0.000755 0.0 -2.6e-05 1.0 -0.0 2.774866 0.000755 0.0 1.0 0.0 0.0 0.0 0.0 1.0 
0.999998 -5.6e-05 -0.002048 -0.0 5.6e-05 1.0 -0.0 2.952863 0.002048 -0.0 0.999998 -0.0 0.0 0.0 0.0 1.0 
1.0 -3.2e-05 0.000987 -2.3e-05 3.2e-05 1.0 1e-06 2.644316 -0.000987 -1e-06 1.0 -1e-06 0.0 0.0 0.0 1.0 
0.999999 0.000591 -0.001567 0.0 -0.000591 1.0 0.0 2.125531 0.001567 1e-06 0.999999 0.0 0.0 0.0 0.0 1.0 
